401
791
697
290
656
953
830
159
823
33
717
572
806
896
335
834
815
715
5
688
573
553
260
29
692
129
727
290
32
441
791
998
531
84
506
240
831
321
586
447
276
21
12
333
619
94
982
525
183
407
23
846
97
686
89
494
875
607
239
407
529
815
703
208
555
856
133
898
659
183
528
39
602
804
313
480
602
354
877
832
140
707
222
999
23
264
516
722
24
436
765
37
843
218
852
68
290
410
539
896
907
587
149
780
707
349
603
598
203
178
152
571
926
750
176
283
642
20
534
749
194
337
395
682
429
186
682
498
8
324
893
878
659
65
189
641
859
149
648
53
776
667
432
697
282
901
889
471
103
748
257
739
491
543
997
2
813
278
316
333
296
142
673
490
643
464
25
108
807
179
931
522
367
250
754
14
23
323
939
644
791
551
937
806
536
930
703
565
640
534
448
707
658
33
920
844
36
572
672
875
770
380
251
909
658
889
882
534
291
289
212
993
438
532
586
163
307
167
981
700
12
611
196
309
685
403
243
385
428
14
22
747
990
575
247
539
416
2
999
275
738
715
670
357
653
374
785
277
137
632
361
35
329
858
798
216
459
479
255
302
530
269
453
573
153
462
122
672
545
157
862
977
726
790
199
631
755
460
643
237
229
727
425
228
385
695
978
700
256
625
642
492
983
577
743
267
521
479
696
820
236
856
137
489
409
177
450
974
479
182
456
755
617
333
849
83
893
610
727
6
839
449
541
97
560
449
208
168
971
547
559
237
641
336
563
993
911
853
391
572
614
810
480
649
138
410
201
604
450
485
124
841
790
399
928
67
295
333
83
111
635
807
642
603
704
599
233
618
114
566
423
26
168
555
625
608
372
543
4
374
436
680
135
385
309
111
69
991
127
693
985
25
856
96
860
278
160
495
772
569
905
402
640
366
350
623
250
446
341
292
595
289
347
75
844
585
766
148
906
232
449
326
102
595
406
650
682
619
23
138
893
890
79
118
966
233
62
245
806
318
534
264
993
675
659
263
615
405
75
614
834
287
813
651
902
134
334
631
443
352
941
286
562
690
27
430
89
90
899
59
986
775
25
952
62
694
775
640
102
197
109
270
453
641
123
573
880
403
87
186
709
219
726
882
868
203
732
928
607
819
700
149
438
875
223
646
519
579
38
883
626
149
205
272
480
965
332
221
292
594
945
931
365
814
214
228
29
79
811
592
681
427
170
58
563
817
93
60
507
898
796
942
335
490
488
974
519
948
454
184
409
947
272
257
712
338
381
824
923
756
971
181
430
228
709
685
597
135
471
452
271
167
325
935
224
749
587
464
199
50
794
733
414
605
765
215
717
715
210
845
643
66
908
761
544
781
390
576
781
517
356
664
235
715
130
564
89
169
353
390
57
71
847
716
466
516
651
447
459
379
324
943
625
198
306
629
958
228
178
967
714
934
109
832
934
897
487
700
507
415
349
179
961
437
489
440
952
667
533
359
618
927
968
412
778
667
279
534
835
779
443
53
774
784
204
385
929
861
74
947
187
874
545
752
308
284
190
445
784
51
226
245
435
88
640
310
107
943
244
662
440
302
67
381
349
790
911
901
733
844
327
885
62
70
422
617
230
916
95
355
104
149
569
230
350
432
925
634
297
933
839
34
162
577
248
814
524
790
9
66
421
606
129
529
659
253
504
379
860
658
208
354
647
326
911
503
11
293
617
885
906
166
589
931
915
852
908
470
628
269
716
689
460
737
502
510
778
734
520
226
326
971
362
800
303
874
548
554
889
720
854
808
258
284
639
603
839
690
71
314
795
86
53
786
134
890
663
225
513
951
275
995
764
30
353
468
87
225
31
886
84
694
243
380
275
261
888
162
278
534
209
261
876
15
712
870
46
450
463
119
871
408
995
922
66
466
803
250
493
356
519
552
737
153
540
641
851
638
306
938
520
511
174
503
832
219
239
775
582
173
859
238
678
117
429
708
534
240
491
546
498
55
406
765
776
636
337
264
716
908
860
980
323
163
851
396
501
20
197
722
408
109
794
155
590
482
257
999
850
482
933
982
826
597
345
329
172
295
349
527
174
727
645
167
725
447
723
346
759
967
638
312
951
809
325
322
508
359
768
992
783
32
656
98
178
74
2
410
54
525
720
641
280
467
580
348
699
673
491
869
171
98
473
214
303
191
852
560
835
550
150
291
240
579
982
713
536
840
43
606
48
993
838
744
880
969
726
168
395
579
386
420
833
835
257
842
810
983
157
193
819
278
578
195
230
586
985
922
350
138
156
698
78
571
405
573
257
940
34
977
93
600
643
675
262
993
556
314
258
322
222
959
121
930
170
462
588
384
19
863
407
283
972
340
427
737
558
91
812
298
563
506
845
634
624
492
563
950
827
968
652
49
498
382
399
824
390
248
448
333
832
565
701
564
115
718
965
993
604
730
234
662
69
930
967
30
355
978
239
645
484
664